Read 106 samples (0.002404 seconds).
-262
1770
3809
5815
7800
9774
11668
13557
15376
17101
18839
20404
21974
23374
24769
25985
27159
28189
29124
29935
30632
31204
31656
31986
32174
32262
32174
32035
31677
31281
30684
30042
29185
28347
27228
26174
24868
23574
22110
20615
18987
17321
15582
13748
11902
9988
8014
6066
4024
1991
-7
-2094
-4077
-6123
-8103
-10076
-11969
-13898
-15660
-17468
-19146
-20771
-22300
-23769
-25126
-26380
-27559
-28600
-29544
-30364
-31114
-31625
-32184
-32430
-32718
-32768
-32727
-32559
-32274
-31832
-31305
-30628
-29837
-28943
-27909
-26814
-25543
-24268
-22782
-21331
-19689
-18052
-16291
-14496
-12639
-10709
-8806
-6762
-4818
-2739
-744
1330
3335
5356
7377
-1
